493
73
74
74
76
77
79
82
110
112
117
143
179
183
184
185
195
196
198
199
200
201
202
203
204
205
208
209
210
211
212
213
214
218
219
220
226
229
230
231
236
238
240
241
264
268
269
270
271
272
276
277
278
279
280
281
282
283
285
291
292
294
296
297
299
301
308
310
311
312
314
315
316
318
324
326
327
328
329
331
337
340
347
348
349
352
404
415
416
417
418
419
420
423
424
425
426
427
428
433
434
435
458
459
463
464
474
475
476
477
478
489
506
519
520
521
523
546
547
548
549
551
552
559
560
561
563
623
641
642
645
646
655
656
657
658
659
660
661
662
665
667
672
673
676
678
679
684
686
688
689
690
691
692
695
697
698
700
701
703
704
705
707
708
709
710
711
712
714
715
716
717
719
720
721
722
723
724
743
816
817
818
819
820
821
822
823
827
828
829
830
831
832
849
850
853
854
855
856
857
858
859
860
861
862
863
867
868
870
871
872
897
900
902
903
904
908
940
941
999
1007
1009
1012
1067
1068
1069
1069
1070
1071
1072
1078
1079
1098
1099
1101
1102
1103
1133
1134
1135
1137
1138
1139
1160
1161
1162
1163
1163
1166
1166
1181
1189
1190
1198
1199
1202
1227
1228
1230
1231
1234
1237
1239
1240
1241
1242
1243
1244
1252
1253
1254
1262
1265
1266
1307
1354
1355
1357
1358
1360
1361
1363
1364
1366
1367
1368
1369
1370
1371
1373
1374
1375
1377
1466
1467
1468
1469
1470
1471
1472
1473
1474
1475
1476
1477
1478
1479
1480
1481
1482
1483
1484
1485
1486
1487
1488
1489
1490
1517
1518
1519
1520
1522
1526
1527
1528
1570
1571
1572
1573
1574
1575
1576
1577
1578
1579
1580
1581
1582
1583
1584
1588
1589
1590
1591
1592
1595
1597
1598
1622
1623
1624
1626
1629
1644
1645
1657
1658
1659
1660
1661
1662
1663
1664
1665
1666
1667
1668
1669
1670
1673
1674
1675
1677
1678
1679
1680
1681
1682
2177
2272
2253
2183
2159
2232
2291
2233
2262
2266
2162
2261
2256
2187
2180
2160
2260
2237
2242
2220
2223
2195
2287
2229
2236
2227
2189
2228
2185
2255
2198
2199
2303
2186
2178
2179
2184
2170
2211
2197
2277
2264
2259
2169
2200
2193
2252
2192
2251
2281
2161
2293
2238
2300
2188
2301
2254
2263
2194
2209
2226
2224
2191
2283
2164
2202
2166
2172
2167
2173
2174
2168
2171
2165
2204
2214
2268
2249
2231
2217
2210
2216
2240
2276
2248
2206
2271
2267
2278
2274
2289
2175
2176
2190
2241
2245
2280
2265
2243
2215
2302
2208
2219
2269
2203
2163
2284
2282
2296
2294
2297
2258

