40
610 32776 32815 32779 32819  700 4 200 300
610 32772 32816 32775 32818  1200 3 150 220
610 32776 32821 32779 32822  1200 5 150 220

610 32787 32812 32790 32815  1200 5 180 220
610 32789 32819 32792 32821  2000 5 150 200

610 32773 32807 32778 32811  1400 5 150 200
610 32772 32798 32776 32801  1400 5 150 220
610 32763 32794 32767 32798 1400 5 100 150


610 32799 32828 32803 32830  1200 4 100 150
610 32809 32839 32813 32842  1200 6 150 200
610 32794 32866 32798 32869  1000 6 100 120


610 32763 32863 32768 32866  1000 6 100 200


610 32769 32844 32772 32845  2000 6 80 120
610 32781 32834 32785 32838  1300 6 100 150


610 32738 32855 32742 32858  1000 6 150 250
610 32726 32859 32730 32862  1000 4 100 150
610 32739 32849 32742 32851  2000 3 150 200
610 32730 32841 32733 32844  1200 4 100 150 
610 32732 32830 32736 32834  1300 3 100 150
610 32743 32834 32746 32843  1200 4 150 200
        
610 32740 32806 32745 32811  1300 4  150 250
610 32725 32815 32729 32818  1400 4  100 150

610 32743 32782 32746 32786   1200 4  200 250


610 32816 32801 32820 32803  1300 5  180 220
610 32813 32794 32817 32796  1300 4  180 220

610 32804 32781 32809 32785  1300 6  200 250

610 32790 32781 32794 32786  1200 6  140 180
610 32780 32779 32784 32782  1200 5  140 180


5124 32824 32788 32827 32793  1000 4 150 300
5124 32826 32794 32829 32796  1500 3 200 350
5124 32824 32794 32826 32797  1200 3 150 200

5124 32818 32780 32821 32784  1200 3 100 220

5124 32821 32776 32823 32778  1200 4 150 250

5124 32826 32780 32828 32781  800 4 200 250

5124 32805 32809 32808 32811  1500 2 70 100
5124 32803 32812 32806 32813  2000 2 80 120

5124 32811 32812 32815 32813  2000 6 100 200

5124 32809 32778 32812 32780  2500 4 70 90

1000 32751 32910 32755 32914  2000 3 100 200
1000 32754 32913 32758 32917  2000 6 100 200
